30647274,41.3836,2.18065,101.262
240934857,41.3838,2.17982,172.166
30227495,41.384,2.17875,266.491
30297907,41.3835,2.17774,384.687
209137015,41.3826,2.17666,518.586
209132796,41.3821,2.17576,615.164
30252198,41.3818,2.17528,676.439
30252194,41.3814,2.17378,809.284
1400723038,41.3813,2.17333,855.172
546558621,41.3812,2.17313,875.065
1400723029,41.3812,2.173,887.408
30227475,41.3809,2.1722,963.137
30227473,41.3808,2.17178,999.419
30227035,41.3806,2.1708,1087.02
30227467,41.3801,2.16915,1235.04
30227464,41.3796,2.16818,1337.39
30227461,41.3796,2.16742,1408.05
30884292,41.3795,2.16639,1494.72
30227452,41.3791,2.16476,1638.62
30227448,41.3786,2.16319,1781.19
30238197,41.376,2.15986,2185.29
905811221,41.375,2.15856,2354.12
30298842,41.375,2.15401,2733.27
26057048,41.3751,2.14969,3094.13
1193548807,41.3748,2.14957,3133.08
803435595,41.3746,2.14925,3164.12
26057050,41.3748,2.14866,3220.71
760332200,41.373,2.14629,3504.13
760332209,41.3712,2.14396,3779.45
760332202,41.37,2.14236,3968.67
760332148,41.3679,2.1396,4296.39
463272130,41.3675,2.13944,4358.18
463272139,41.3548,2.1169,6747.95
1500119409,41.3547,2.11552,6863.8
1118396240,41.3484,2.11484,7569.37
1066620300,41.3408,2.11408,8416.05
1066620294,41.3388,2.11242,8678.99
1066620278,41.3368,2.10776,9126.64
1066620743,41.3336,2.09791,10023.4
1066620731,41.3295,2.08616,11106.8
1066620726,41.3269,2.0785,11809.8
1066620715,41.3202,2.0592,13583.9
1066620702,41.3182,2.0533,14126.3
1066620695,41.3111,2.03293,15997.6
1324546086,41.3054,2.01639,17517.8
1324546074,41.3043,2.01325,17809
1324546073,41.3028,2.0101,18120
1066620686,41.3015,2.00789,18355.2
1066620680,41.2955,2.00034,19272.3
1066620878,41.29,1.9934,20121
213850148,41.2811,1.98232,21474.6
970923304,41.2746,1.97423,22458.6
46920784,41.2706,1.96913,23081.9
46920757,41.2681,1.96427,23572
206963833,41.2674,1.96048,23899
46920701,41.2656,1.94503,25206.8
206963829,41.2629,1.93075,26442.9
1125509645,41.2621,1.92801,26689.1
1125509693,41.2602,1.92141,27284.3
1125509504,41.256,1.91067,28297.2
528908099,41.2554,1.90623,28675.4
1125509520,41.2546,1.90319,28945.1
46920665,41.2482,1.88723,30465.5
46920641,41.236,1.84965,33898.4
1422370776,41.2377,1.82393,36080.8
420200118,41.2389,1.81133,37156.4
374304785,41.2394,1.80645,37570.1
374310349,41.2382,1.80075,38071
663771880,41.2348,1.79209,38892.9
46920562,41.2259,1.77786,40440.1
504894368,41.2204,1.7636,41793.8
1300507870,41.2199,1.75856,42222.7
504894329,41.22,1.75148,42818.2
1134704682,41.2188,1.74084,43727.4
632209935,41.2201,1.73124,44550.3
634581137,41.2165,1.72043,45545.4
46920461,41.209,1.70893,46814.4
634581070,41.2082,1.70575,47097.8
634581064,41.2079,1.69393,48089.7
46920419,41.2041,1.6757,49673
367656942,41.199,1.65242,51702.3
46920389,41.1948,1.63208,53468.4
46920344,41.1906,1.58668,57295.9
540031157,41.1889,1.56641,59002.9
46920307,41.1886,1.54364,60910.2
46920282,41.1855,1.52211,62743.9
46920276,41.1791,1.51354,63761.4
46919499,41.1669,1.46873,67752.7
1066621668,41.1617,1.44965,69451.8
46911457,41.1522,1.42863,71501.9
46911440,41.1422,1.40268,73963.9
1208534753,41.1368,1.37524,76338
1208534837,41.1365,1.37143,76659.6
46911399,41.1388,1.3528,78243.1
1088337543,41.1389,1.34952,78518.9
46911385,41.1377,1.34411,78992.7
1088337795,41.1319,1.32521,80705.1
46911193,41.1306,1.30924,82052.3
46911169,41.1263,1.29177,83613.2
822145092,41.1207,1.27724,84984
46911123,41.1169,1.26764,85888.3
1254685684,41.1131,1.25661,86909.3
1030655256,41.1118,1.25417,87153.9
912172977,41.1105,1.25202,87389.8
954842742,41.1101,1.25143,87453.5
954842869,41.1099,1.25086,87509.9
954842818,41.1097,1.25007,87578.6
995925537,41.1098,1.2499,87612.5
995925791,41.11,1.24974,87659.9
819190474,41.1101,1.24953,87684.8
819190459,41.1105,1.24894,87775.3
819190437,41.1111,1.24575,88050.6
819190484,41.1117,1.24426,88220.7
332308109,41.1119,1.24283,88342.6
819190464,41.1123,1.24086,88513.1
332308682,41.1126,1.2392,88656.6
332127854,41.1162,1.23757,89099.1
333295739,41.1163,1.23537,89284.2
332127355,41.1164,1.235,89317
963264375,41.1164,1.23481,89333.8
332127347,41.1163,1.23467,89349.5
332127469,41.1162,1.23462,89362.7
963264702,41.116,1.23455,89387.8
963264359,41.1158,1.23361,89470.8
826246112,41.1158,1.23285,89536.1
826246124,41.1158,1.23273,89546.6
1000894987,41.1157,1.23241,89577.4
1000894676,41.1156,1.22653,90070.4
1000895523,41.1155,1.22555,90153
1000894632,41.1155,1.22369,90309.4
408184914,41.1154,1.22206,90446.9
915552054,41.1154,1.21889,90712.5
1029886904,41.1153,1.21515,91025.9
1029886617,41.1152,1.21311,91196.7
918165032,41.1152,1.2112,91357
918165062,41.1153,1.21067,91403.9
996609434,41.1154,1.21043,91426.4
996608976,41.1151,1.20969,91494.7
529091963,41.1149,1.19454,92766.7
276790392,41.1148,1.19357,92856.8
276794552,41.114,1.16852,94957.6
276790889,41.114,1.15787,95855.5
276790896,41.1138,1.15708,95929.9
529091833,41.1136,1.15609,96037.2
529091823,41.1133,1.15557,96112
529091816,41.111,1.15471,96384.4
529091782,41.11,1.15422,96503.6
529091790,41.1098,1.15371,96556
529091728,41.1095,1.15339,96599.9
529091714,41.1084,1.14933,96963
529686059,41.1083,1.14834,97066.6
529091633,41.1082,1.1472,97178.4
529414520,41.108,1.14642,97251.2
529414492,41.108,1.14378,97472.9
529091372,41.108,1.14124,97685.5
529091373,41.1076,1.14005,97793.8
529091352,41.1075,1.13961,97853.7
529091345,41.1056,1.1348,98309.4
529091191,41.1049,1.13243,98528.4
394702930,41.1034,1.12833,98907.5
529091089,41.1035,1.12769,98965.1
1502877702,41.1035,1.12714,99012.1
411504118,41.1032,1.12659,99075.3
529091069,41.1025,1.1256,99193.4
332488008,41.1003,1.12116,99638.7
332488012,41.0954,1.10828,100849
530682409,41.0915,1.09781,101827
530682321,41.0857,1.0824,103268
530682283,41.0836,1.0764,103824
1409150341,41.0834,1.07501,103944
1409150333,41.0832,1.07372,104053
530682264,41.0832,1.07203,104195
477614682,41.0842,1.06559,104746
530775203,41.0853,1.05838,105363
530775186,41.0857,1.05186,105912
530775180,41.0853,1.04489,106498
530775136,41.0844,1.03985,106933
477614692,41.0832,1.03553,107318
530774917,41.0789,1.02364,108425
530774906,41.077,1.01936,108840
477614704,41.0748,1.01625,109199
1534186595,41.0712,1.01305,109685
530800160,41.0689,1.01079,110005
477614712,41.0666,1.00721,110397
531798500,41.0653,1.00349,110742
531798460,41.0631,0.996084,111412
531798443,41.0611,0.992977,111755
477614815,41.058,0.989974,112181
279716631,41.0574,0.989333,112266
1534186580,41.0554,0.986778,112575
1534186553,41.0507,0.978971,113413
1534186542,41.0478,0.973023,114007
1534186533,41.0437,0.966197,114739
1534186525,41.0415,0.962083,115166
1534186517,41.0403,0.958843,115468
1534186510,41.0389,0.952953,115987
1534186501,41.0375,0.94891,116358
1534186492,41.0359,0.945375,116709
1534186484,41.0341,0.942487,117023
477614768,41.0306,0.937706,117582
1534186450,41.0249,0.931346,118409
1534186373,41.0196,0.926601,119122
1534186356,41.0132,0.922214,119922
477614784,41.0074,0.918187,120651
1534186249,41.0049,0.915667,121003
477614966,41.0045,0.914655,121098
1534186198,41.0043,0.913755,121182
415781245,41.0037,0.912551,121309
531792294,41.0024,0.911525,121473
1410494438,41.0018,0.911035,121552
1410494418,41.0015,0.910373,121616
251715579,41.0015,0.908754,121752
251715577,41.0018,0.907694,121848
251715575,41.0023,0.907516,121913
1410494477,41.0027,0.908134,121982
1410494471,41.0026,0.908584,122022
1410494449,41.0022,0.908976,122078
531792265,40.9997,0.908845,122358
409806858,40.9972,0.908028,122645
35328581,40.9957,0.907122,122832
409806923,40.9935,0.905296,123114
531792252,40.9909,0.901892,123522
1410586203,40.9884,0.89888,123902
409806935,40.985,0.894735,124414
1410586049,40.9825,0.889606,124926
409806944,40.9802,0.885647,125347
531792226,40.9774,0.882447,125761
35328589,40.9718,0.878791,126461
531792210,40.9665,0.874888,127127
35328592,40.9624,0.870398,127720
409806939,40.9584,0.865947,128305
35328595,40.9533,0.862686,128935
409806961,40.9481,0.858819,129600
35328597,40.9389,0.849818,130870
35328601,40.9202,0.832177,133422
35328603,40.9145,0.826741,134206
35328607,40.9044,0.816361,135630
35328611,40.8947,0.807064,136963
415781269,40.8884,0.800969,137832
1260512085,40.8833,0.795717,138548
35328619,40.8757,0.788349,139595
35328622,40.8697,0.780805,140520
35328626,40.8619,0.771197,141706
35328630,40.8543,0.762459,142820
415781304,40.8486,0.754037,143776
35328636,40.8444,0.74778,144481
35328638,40.8399,0.74423,145063
35328642,40.8319,0.738488,146086
35325309,40.8268,0.730332,146975
35325313,40.8209,0.721665,147955
35325315,40.817,0.713781,148748
276805851,40.8128,0.703792,149711
1342441203,40.8114,0.700685,150017
35325322,40.8087,0.696741,150465
415786535,40.804,0.688033,151375
35325328,40.8023,0.678931,152165
35325330,40.8,0.673126,152715
35325331,40.7979,0.669855,153078
415786527,40.7934,0.664823,153736
35325336,40.7878,0.657387,154616
35325339,40.781,0.646821,155790
35325343,40.7738,0.638225,156869
35325347,40.7666,0.630034,157922
35325350,40.7624,0.623129,158669
35325354,40.7581,0.613004,159647
603191131,40.7549,0.6042,160475
415786601,40.7512,0.598606,161098
415786602,40.7449,0.593236,161937
35325367,40.7386,0.590899,162670
376034275,40.7347,0.588488,163149
415786605,40.7321,0.584598,163588
35325376,40.7294,0.576463,164338
35325381,40.725,0.568115,165199
35325385,40.7166,0.559623,166377
415796090,40.7085,0.552204,167482
35325395,40.7027,0.545418,168343
415796110,40.6969,0.539171,169173
35325404,40.6904,0.529307,170281
35325408,40.6851,0.525812,170951
35325412,40.678,0.521741,171815
35325415,40.6728,0.51588,172576
35325418,40.6662,0.513219,173352
415796121,40.6578,0.510134,174326
415796124,40.6508,0.507707,175128
415796125,40.6364,0.499376,176877
415796129,40.6235,0.488002,178610
35325434,40.6134,0.478697,179980
35325442,40.6007,0.472025,181499
35325446,40.5946,0.468313,182249
35325453,40.5865,0.45951,183417
35325458,40.5795,0.451491,184457
35325463,40.574,0.440665,185557
35325467,40.5699,0.434682,186236
241883180,40.5637,0.429736,187048
987750130,40.5575,0.42654,187789
241883174,40.552,0.422721,188479
241883170,40.545,0.419349,189313
241883165,40.5355,0.418606,190380
241883158,40.5216,0.416297,191934
241883154,40.5132,0.415263,192869
241883149,40.5042,0.41575,193878
241883144,40.4938,0.415048,195034
241883139,40.486,0.41592,195914
241883134,40.4782,0.418838,196811
241883130,40.4708,0.417373,197659
241883127,40.4656,0.412871,198352
241883122,40.4587,0.406154,199307
241883115,40.4455,0.395065,201054
241883111,40.4373,0.389057,202109
241883107,40.4283,0.384619,203179
241883096,40.4171,0.375236,204658
241883093,40.4115,0.371446,205355
241883091,40.4079,0.370439,205767
241883090,40.4038,0.370424,206227
338704806,40.4003,0.37065,206613
338704790,40.3978,0.369823,206899
774986431,40.3952,0.367655,207245
241883084,40.3933,0.364419,207593
241883083,40.3924,0.360944,207904
241883082,40.3916,0.355372,208387
774986388,40.39,0.351008,208795
241883078,40.387,0.346284,209322
241883076,40.3838,0.343438,209751
774986369,40.3782,0.339264,210463
774986361,40.3739,0.334178,211113
241883069,40.3685,0.329671,211823
241883067,40.3646,0.326032,212353
241883049,40.3582,0.317535,213365
773881354,40.3548,0.312338,213947
241883034,40.3531,0.307752,214380
241883030,40.3506,0.297611,215285
241883026,40.3463,0.285993,216384
241883021,40.3426,0.274231,217469
241883019,40.3394,0.2699,217979
241883015,40.3311,0.261396,219151
241883011,40.3248,0.254989,220042
241883007,40.3166,0.248043,221133
241883003,40.309,0.240925,222167
241882999,40.3014,0.236381,223093
241882995,40.294,0.231129,224039
241882991,40.2862,0.228194,224952
241882987,40.2779,0.231579,225929
908498031,40.2739,0.234413,226434
241882983,40.27,0.235975,226887
908498438,40.2664,0.236441,227294
908498281,40.2626,0.235599,227723
241882948,40.2564,0.232033,228468
241882945,40.2499,0.228693,229251
241882943,40.246,0.225644,229758
241882939,40.2399,0.218814,230645
908498250,40.2341,0.212975,231465
908498236,40.2311,0.209579,231902
241882933,40.2291,0.206243,232265
908498310,40.2274,0.202396,232641
908498055,40.2257,0.195767,233237
908498272,40.2243,0.192247,233573
241882927,40.2221,0.188929,233946
279645404,40.2193,0.186411,234324
241882922,40.2141,0.182731,234982
241882918,40.2059,0.176689,236034
241882914,40.1933,0.172864,237476
241882910,40.181,0.165955,238959
344519926,40.1686,0.16007,240435
241882903,40.1603,0.155108,241448
241882899,40.1532,0.149271,242381
241882890,40.1457,0.144735,243305
241882886,40.1373,0.141821,244270
241882883,40.1309,0.138905,245023
676781123,40.1246,0.134776,245809
676781178,40.1209,0.132787,246250
241882877,40.1164,0.131361,246770
287425523,40.1115,0.130801,247316
287425533,40.1102,0.13041,247467
287425558,40.1091,0.1294,247619
253358326,40.108,0.129711,247739
253358322,40.1058,0.133163,248122
395392707,40.1046,0.134882,248320
395392696,40.1031,0.135593,248541
232083276,40.0984,0.134072,249086
1314238951,40.0956,0.132353,249434
241896231,40.0929,0.130569,249763
458830082,40.0905,0.127589,250134
259432789,40.0811,0.117496,251490
667399347,40.0751,0.111067,252350
667399319,40.072,0.108609,252759
667399322,40.071,0.105424,253055
667399314,40.0705,0.101638,253383
232083181,40.0668,0.090083,254448
232083158,40.0669,0.0876216,254664
259187673,40.0677,0.0844006,254961
259187672,40.0661,0.0818514,255253
378845539,40.0649,0.0798885,255466
378845529,40.0637,0.075478,255863
259187667,40.0617,0.0712764,256289
259979498,40.0599,0.0685864,256593
259187509,40.0575,0.0654698,256966
259187507,40.0555,0.0610288,257405
288123865,40.0539,0.0578132,257732
259188525,40.052,0.0555772,258021
259100942,40.0501,0.0542261,258257
232082928,40.049,0.0526414,258442
286712462,40.0441,0.0429433,259434
259273953,40.0392,0.0336572,260391
232082846,40.0356,0.0268745,261093
1469647618,40.0336,0.0210523,261641
232082827,40.0307,0.0095827,262669
259097464,40.0278,-0.0015055,263665
314696880,40.0263,-0.0075675,264209
258935438,40.0265,-0.0082069,264269
696832923,40.0261,-0.0086925,264334
262463008,40.0252,-0.0135775,264763
262495971,40.0243,-0.0219016,265479
1151150656,40.0236,-0.025962,265835
259113927,40.0197,-0.0332543,266593
369582742,40.0168,-0.0352626,266956
259102570,40.0165,-0.0359224,267029
259102574,40.0161,-0.03581,267080
392476074,40.0109,-0.0388169,267712
269785009,40.0063,-0.0415625,268274
259561966,40.0054,-0.0427139,268428
567147465,40.0045,-0.0426392,268533
1151151111,40.0023,-0.0439446,268796
1151155350,39.9996,-0.0456141,269130
1151154758,39.9973,-0.0472908,269425
1180651344,39.9949,-0.0473111,269689
262242640,39.9939,-0.0471674,269807
1061652159,39.9931,-0.0475831,269903
262247520,39.9904,-0.0500231,270273
471964827,39.9895,-0.050818,270389
262247524,39.9876,-0.0524088,270640
260567210,39.9861,-0.0535652,270839
260567218,39.9858,-0.0537543,270877
1180651443,39.9849,-0.0547138,271003
514390662,39.9811,-0.0591238,271569
599779053,39.979,-0.0610344,271861
599779029,39.978,-0.0623346,272025
275259002,39.9772,-0.0627781,272121
599017033,39.9753,-0.0642624,272375
244421465,39.9737,-0.0656859,272593
244421456,39.9714,-0.0670591,272869
244421449,39.9705,-0.0675948,272977
244421300,39.97,-0.0682323,273057
244421304,39.9696,-0.0686492,273132
244421297,39.9682,-0.068932,273296
244421291,39.9643,-0.0712379,273775
392448430,39.9618,-0.0727419,274086
244421285,39.96,-0.0737431,274296
244421279,39.9583,-0.074837,274510
392448613,39.9562,-0.0767558,274796
244421261,39.9544,-0.0783915,275039
244421252,39.9518,-0.0818911,275455
244421245,39.9495,-0.0852214,275840
244421078,39.9491,-0.085391,275897
244421073,39.949,-0.0861335,275970
244421120,39.9479,-0.0867342,276105
235564426,39.9465,-0.0873159,276266
244421207,39.9449,-0.087786,276448
244421200,39.944,-0.087573,276574
1484740136,39.9438,-0.0874833,276591
1484740131,39.9435,-0.087719,276639
495303611,39.9431,-0.0879369,276693
1484740128,39.9422,-0.0888319,276822
1484740093,39.94,-0.0908055,277114
1484740078,39.94,-0.0908081,277121
233076335,39.9388,-0.0919205,277287
495630647,39.9371,-0.0935075,277519
233076387,39.9359,-0.0946429,277685
495303722,39.9347,-0.0957782,277851
233076431,39.9334,-0.0969255,278026
1152722275,39.9316,-0.0986579,278270
495303846,39.9298,-0.100272,278511
495303863,39.9296,-0.100655,278555
499510145,39.9284,-0.10162,278721
324148525,39.9278,-0.102356,278812
336407661,39.9275,-0.102429,278856
336399662,39.9263,-0.10365,279023
495630377,39.926,-0.103715,279067
495303774,39.9255,-0.105783,279306
235980084,39.9252,-0.105908,279350
324156717,39.9232,-0.106473,279580
324156701,39.9205,-0.108316,279916
232439406,39.914,-0.112451,280721
324161939,39.9078,-0.11561,281460
305690821,39.9042,-0.116962,281884
305681010,39.9006,-0.119146,282322
1481423054,39.8962,-0.122099,282872
305687224,39.8908,-0.125752,283549
232439531,39.8874,-0.12821,283986
232439565,39.8843,-0.131692,284446
232439615,39.8761,-0.140126,285609
232439634,39.874,-0.141962,285896
324163394,39.8716,-0.143466,286190
244057425,39.8703,-0.145735,286436
244057440,39.8696,-0.145126,286536
1319878698,39.8691,-0.145767,286617
244057448,39.8685,-0.145348,286707
244057428,39.8668,-0.146194,286909
232439683,39.8623,-0.148637,287448
244057740,39.8577,-0.151301,288008
1319878662,39.8575,-0.150942,288052
437382238,39.8571,-0.151119,288101
432664030,39.856,-0.151111,288226
244057352,39.8545,-0.152448,288428
244057345,39.8535,-0.153414,288569
244057339,39.8522,-0.154668,288752
244057332,39.8512,-0.155577,288887
437382253,39.8507,-0.156076,288957
437382260,39.8491,-0.157471,289168
244057324,39.8488,-0.157812,289216
437382309,39.8477,-0.159242,289388
437382317,39.8475,-0.159438,289420
244057313,39.8471,-0.159935,289495
244057307,39.8453,-0.161029,289719
244057301,39.8426,-0.161472,290015
244057517,39.8368,-0.163722,290690
324167264,39.8359,-0.16418,290811
244057640,39.8358,-0.164777,290867
244057637,39.8352,-0.166184,291005
324167260,39.8341,-0.167985,291216
244057672,39.8339,-0.167463,291299
324167281,39.8333,-0.164983,291534
244057471,39.8312,-0.164556,291768
232439848,39.8177,-0.166656,293278
1297219526,39.817,-0.167249,293377
1297219580,39.8165,-0.166926,293446
1297219656,39.8156,-0.167317,293559
324168523,39.8149,-0.16724,293630
1297219520,39.8129,-0.167773,293867
324168548,39.8112,-0.168968,294082
1297219514,39.8039,-0.17439,295013
1297219563,39.8028,-0.175467,295167
1297219527,39.8024,-0.17564,295222
305766090,39.7968,-0.17983,295944
1297219603,39.7843,-0.18933,297551
1297219653,39.7821,-0.192246,297899
1297219592,39.7819,-0.192658,297960
1297219503,39.7818,-0.193289,298028
232439979,39.7807,-0.193892,298163
305780953,39.7787,-0.19624,298460
232440029,39.7774,-0.197194,298628
324174354,39.7765,-0.198399,298774
324174361,39.7755,-0.200992,299021
232440056,39.7739,-0.203188,299285
232440093,39.7718,-0.206653,299660
827474655,39.7706,-0.207452,299815
827474681,39.7701,-0.207948,299886
827474651,39.7696,-0.208045,299940
827474653,39.767,-0.209357,300260
827474674,39.7663,-0.209823,300350
232440137,39.7635,-0.210754,300682
232440166,39.758,-0.213062,301319
324176630,39.7527,-0.215782,301953
232440209,39.7491,-0.218904,302437
232440241,39.7434,-0.227926,303436
324178700,39.7415,-0.232135,303855
276188930,39.7407,-0.233635,304020
276188934,39.7405,-0.234324,304092
276188946,39.7399,-0.234084,304163
232440283,39.7366,-0.236827,304599
232440313,39.7288,-0.241119,305550
585207341,39.7283,-0.241541,305619
585207335,39.728,-0.241685,305656
246670498,39.7268,-0.242071,305797
703778067,39.7226,-0.246468,306400
412518941,39.7225,-0.246952,306445
412518943,39.7222,-0.247089,306490
246670492,39.7214,-0.247324,306574
246670488,39.7163,-0.249861,307181
246670484,39.7081,-0.255412,308216
246670481,39.7062,-0.257247,308481
703778111,39.7038,-0.259709,308822
703778063,39.7039,-0.260328,308894
246670473,39.7037,-0.260899,308947
1297381829,39.7031,-0.260813,309023
1297381801,39.7021,-0.261296,309139
412518962,39.701,-0.261451,309261
412518964,39.7007,-0.261452,309305
246813593,39.6962,-0.26115,309811
246813590,39.6923,-0.261923,310250
246813586,39.6879,-0.263248,310745
246813582,39.6866,-0.264215,310913
919591004,39.6859,-0.264958,311038
919590983,39.6858,-0.265595,311107
441584601,39.6834,-0.267965,311441
471545880,39.6831,-0.268717,311521
246813573,39.6813,-0.269139,311735
911546867,39.6798,-0.270007,311920
246813569,39.679,-0.270301,312016
246813563,39.6765,-0.271613,312325
911498086,39.6763,-0.271688,312352
246813559,39.6756,-0.272191,312435
246813526,39.6745,-0.273995,312633
246813514,39.674,-0.274523,312707
246813510,39.6716,-0.276233,313012
343392160,39.6705,-0.277238,313164
412722282,39.6671,-0.277692,313551
1369215660,39.6648,-0.278148,313804
246813427,39.6611,-0.279203,314222
246813357,39.6585,-0.280686,314546
252422370,39.6471,-0.285059,315863
252422364,39.6448,-0.286313,316149
252422416,39.6405,-0.290382,316732
981015914,39.6374,-0.292922,317148
252422425,39.6349,-0.296693,317574
252422433,39.6329,-0.302254,318100
252422439,39.6322,-0.306559,318477
252422444,39.6309,-0.308498,318700
252422298,39.6293,-0.310941,318980
252422304,39.628,-0.313686,319257
252516417,39.6254,-0.320793,319931
252516426,39.6221,-0.328513,320687
252516400,39.6194,-0.333398,321204
252516392,39.6172,-0.336534,321561
252516420,39.6119,-0.342833,322364
252516402,39.606,-0.348525,323182
252516388,39.5998,-0.356836,324178
252516427,39.5967,-0.36241,324763
252516389,39.5932,-0.371496,325637
252516435,39.5896,-0.382972,326700
252516418,39.5878,-0.388727,327233
336044910,39.5866,-0.39445,327741
336044885,39.5858,-0.402742,328458
252516438,39.5846,-0.408971,329008
336039387,39.582,-0.414879,329593
252516456,39.5792,-0.418626,330044
336039369,39.5756,-0.421578,330518
252516451,39.5724,-0.423108,330899
35316204,39.5643,-0.42641,331839
219307965,39.5592,-0.430197,332495
219312655,39.5561,-0.433507,332945
219307977,39.553,-0.437639,333442
219309013,39.5475,-0.443877,334253
104743242,39.543,-0.448689,334899
104743245,39.5386,-0.454897,335620
104743248,39.5338,-0.460235,336329
218928195,39.5289,-0.464716,336996
218928200,39.5261,-0.468555,337450
218928209,39.5226,-0.474056,338058
218969672,39.5187,-0.478204,338625
317642912,39.5157,-0.482969,339154
317642920,39.5142,-0.488574,339664
429453794,39.5136,-0.495036,340224
417231928,39.5125,-0.499749,340646
218969696,39.5107,-0.504443,341096
218969700,39.5083,-0.508648,341542
148636209,39.5063,-0.512681,341957
311340187,39.5046,-0.519059,342535
311340198,39.5014,-0.525745,343212
311340211,39.4962,-0.531481,343977
311340218,39.4943,-0.533883,344277
311340223,39.491,-0.538946,344848
311340227,39.4866,-0.541764,345390
311340231,39.4829,-0.54448,345869
311340235,39.4797,-0.547649,346313
311345524,39.4769,-0.549007,346647
311345531,39.4747,-0.549681,346900
311345555,39.4734,-0.55144,347113
311345706,39.4732,-0.553438,347288
311347701,39.4731,-0.559386,347799
88355130,39.4734,-0.570905,348789
88353315,39.474,-0.576784,349298
320165337,39.4744,-0.607016,351893
320158561,39.4734,-0.635661,354355
88350523,39.4734,-0.642014,354901
88349195,39.4735,-0.646283,355269
88353008,39.4728,-0.650675,355654
321441941,39.471,-0.692739,359270
88352527,39.4706,-0.69632,359581
88353065,39.4699,-0.699278,359847
88355245,39.4686,-0.702772,360185
1365192795,39.467,-0.705406,360468
88356059,39.4641,-0.708764,360901
88355339,39.4597,-0.712821,361501
88353927,39.4573,-0.716276,361907
88354560,39.4544,-0.722085,362500
88355218,39.4528,-0.727836,363026
88356004,39.4519,-0.732439,363432
418285599,39.4506,-0.73725,363874
88355231,39.447,-0.74561,364693
306646891,39.445,-0.75334,365396
306646894,39.4436,-0.758997,365906
306646898,39.4423,-0.761866,366194
306646900,39.4367,-0.769312,367086
418228691,39.4354,-0.771975,367355
306646906,39.4339,-0.777778,367883
418228698,39.4337,-0.779983,368075
418228732,39.4341,-0.783041,368342
88352540,39.4336,-0.785294,368546
88352218,39.4325,-0.787508,368774
88355409,39.4319,-0.789765,368979
106431564,39.432,-0.793167,369272
106431596,39.4313,-0.795395,369479
106431620,39.4297,-0.797917,369760
419242737,39.429,-0.79999,369952
106431672,39.429,-0.804563,370346
106431689,39.4296,-0.810461,370859
106431709,39.4312,-0.816501,371407
106431833,39.4326,-0.819422,371701
106431885,39.434,-0.820691,371896
106432000,39.4367,-0.821903,372208
106432380,39.4385,-0.823189,372440
106432395,39.4401,-0.825059,372684
106433068,39.4417,-0.827815,372975
106433254,39.4427,-0.831688,373329
106433279,39.4438,-0.835961,373716
106433312,39.4446,-0.839542,374035
106433379,39.4458,-0.841921,374284
106433411,39.4477,-0.844678,374598
106433447,39.4488,-0.847746,374891
106433482,39.4495,-0.851328,375207
106433609,39.4506,-0.854183,375484
106433617,39.4524,-0.856664,375775
106433650,39.4531,-0.858771,375976
106433690,39.454,-0.865811,376588
106433813,39.4549,-0.867859,376793
106434053,39.456,-0.868971,376954
106434592,39.4583,-0.870476,377235
106434700,39.4597,-0.872415,377465
106434722,39.4605,-0.874825,377691
106435318,39.4606,-0.877952,377961
106435348,39.4591,-0.889373,378956
107578001,39.458,-0.892983,379293
107578013,39.4572,-0.896502,379608
107578028,39.457,-0.899646,379879
343356560,39.4564,-0.901617,380064
343356594,39.4548,-0.904021,380332
107578107,39.4543,-0.906181,380529
107578117,39.4546,-0.91085,380932
107578132,39.4544,-0.913808,381187
421888310,39.4534,-0.917952,381563
421888313,39.4531,-0.92558,382220
107578244,39.4527,-0.928121,382443
421888322,39.4518,-0.930581,382675
421888324,39.4511,-0.933232,382918
107578255,39.4513,-0.935757,383138
107578301,39.455,-0.944009,383957
129396171,39.4584,-0.949846,384587
129396199,39.4592,-0.9536,384923
129396220,39.4615,-0.969645,386323
129396296,39.4701,-1.0052,389523
129396316,39.4716,-1.0114,390081
129396342,39.4733,-1.01939,390793
129396364,39.476,-1.0308,391817
129396396,39.479,-1.042,392837
129396418,39.4798,-1.04555,393154
129396441,39.4793,-1.04972,393518
129396478,39.4797,-1.05268,393780
353454539,39.4832,-1.06079,394578
253554684,39.485,-1.06263,394834
253554672,39.4857,-1.0638,394967
353454521,39.4859,-1.0658,395143
353454555,39.4854,-1.06712,395271
253554660,39.4846,-1.06968,395510
252834439,39.4845,-1.07409,395890
252834408,39.485,-1.08278,396638
1410250312,39.4852,-1.08437,396777
1410250378,39.4854,-1.08463,396811
1410250363,39.4854,-1.08506,396850
1410250328,39.4852,-1.08598,396934
252834348,39.4853,-1.08802,397110
1410250341,39.4853,-1.08886,397184
1410250316,39.4852,-1.0892,397215
1432756972,39.4843,-1.09289,397546
252834308,39.4839,-1.0949,397726
252834303,39.4833,-1.09808,398007
252834298,39.4833,-1.09928,398111
1420260847,39.4835,-1.1018,398328
252834272,39.4838,-1.10526,398627
253603899,39.4841,-1.10653,398742
339862989,39.4835,-1.1071,398834
252834210,39.4792,-1.11575,399717
252834166,39.4756,-1.12095,400330
339832391,39.4734,-1.12684,400893
252834046,39.4651,-1.1487,402982
252833966,39.455,-1.1744,405462
1403957072,39.4444,-1.20034,407977
1403957038,39.4404,-1.21022,408936
252833815,39.434,-1.22576,410452
252833786,39.4314,-1.23307,411145
252833782,39.4315,-1.2343,411251
252833760,39.4327,-1.23926,411701
252833755,39.4326,-1.24029,411793
252833732,39.4306,-1.24456,412230
252833714,39.4316,-1.24795,412545
252833697,39.4303,-1.25139,412877
252833689,39.4298,-1.25374,413090
252833637,39.4283,-1.27248,414707
252833609,39.4278,-1.2805,415399
252833597,39.4286,-1.2832,415647
252833589,39.4284,-1.28511,415814
252833571,39.4258,-1.28818,416207
252833543,39.422,-1.29184,416745
252833490,39.4176,-1.30048,417632
252833477,39.4171,-1.30322,417878
252833462,39.4166,-1.30712,418218
252833447,39.4143,-1.30968,418559
252833440,39.414,-1.31137,418714
252833433,39.414,-1.31364,418911
252833406,39.4114,-1.3222,419704
252833381,39.4068,-1.32726,420373
252833374,39.4063,-1.3286,420509
252833365,39.4058,-1.33053,420690
252833358,39.4055,-1.3321,420829
252833349,39.4042,-1.33322,421006
252833343,39.4042,-1.33452,421120
252833338,39.4039,-1.3355,421214
252833323,39.4013,-1.33536,421516
252833303,39.3979,-1.33698,421963
252833274,39.3914,-1.33847,422702
252833253,39.3879,-1.34197,423200
252833221,39.3815,-1.34338,423977
252833191,39.3754,-1.34378,424662
252833142,39.3697,-1.34484,425313
252833122,39.3661,-1.34475,425718
252833104,39.3634,-1.34753,426106
252833084,39.3595,-1.34606,426578
252833054,39.3532,-1.34845,427325
252833018,39.3456,-1.35042,428260
252832965,39.3301,-1.3431,430103
252832949,39.3272,-1.33792,430657
252832906,39.325,-1.32321,431947
252832894,39.3236,-1.32219,432160
252832866,39.3193,-1.32347,432717
252832839,39.317,-1.32786,433196
252832820,39.3151,-1.32875,433475
252832799,39.313,-1.32893,433807
252832766,39.3085,-1.33284,434461
252832739,39.3054,-1.33523,434884
252832728,39.3063,-1.33675,435053
252832697,39.303,-1.33963,435548
252832664,39.3032,-1.34285,435915
252832634,39.3023,-1.34665,436288
252832620,39.3032,-1.34877,436511
252832605,39.3029,-1.35218,436811
252832566,39.2956,-1.36009,437879
252832482,39.2875,-1.39061,440666
252832431,39.2798,-1.4028,442038
252832360,39.282,-1.42746,444196
252832300,39.2846,-1.45027,446182
252832228,39.2868,-1.46836,447759
330550685,39.2847,-1.47319,448245
330550680,39.2847,-1.47443,448354
330550675,39.2829,-1.48084,448943
330550668,39.2766,-1.50128,450834
330550661,39.2734,-1.51551,452118
330550652,39.274,-1.52829,453232
330550641,39.2734,-1.53397,453727
330550632,39.2706,-1.54643,454845
330550625,39.2673,-1.55439,455623
287930572,39.2642,-1.55633,456022
287930576,39.2593,-1.57054,457379
287930580,39.2549,-1.57838,458228
287930584,39.253,-1.58912,459190
268938645,39.2136,-1.7131,470759
268938647,39.2083,-1.7279,472162
268938640,39.1918,-1.73896,474236
268938655,39.1876,-1.73944,474707
268938651,39.1789,-1.74708,475889
268938663,39.1747,-1.74728,476364
268938656,39.1564,-1.75685,478551
268938671,39.1522,-1.75676,479024
268938667,39.1492,-1.75853,479405
268938679,39.1431,-1.76368,480239
268938675,39.1404,-1.76769,480706
1312107151,39.1323,-1.77515,481834
531793157,39.0733,-1.81691,489314
531793154,39.0576,-1.82807,491312
1535812730,39.0549,-1.83023,491669
1535812677,39.0548,-1.83047,491705
1535812689,39.0551,-1.83078,491745
1535812693,39.0548,-1.83108,491784
1535812703,39.0546,-1.83087,491820
1535812653,39.0542,-1.83079,491861
1535812641,39.0532,-1.83145,491985
1535812636,39.0518,-1.83247,492165
1535812625,39.0512,-1.83322,492263
1535812580,39.0508,-1.83434,492367
1535812551,39.0506,-1.83464,492408
1535812545,39.0502,-1.83502,492467
1535812533,39.0494,-1.83493,492560
1535812528,39.0486,-1.83494,492643
1535812524,39.0479,-1.83522,492724
1535812512,39.0415,-1.83974,493536
1535812507,39.0403,-1.84086,493703
1535812436,39.0401,-1.84163,493780
1535812442,39.0398,-1.84185,493819
1535835979,39.0397,-1.84156,493850
1535821474,39.0397,-1.84127,493877
1535821540,39.0394,-1.84054,493950
1535821528,39.0391,-1.84035,493987
1535821457,39.0388,-1.84074,494041
1535821448,39.0376,-1.84195,494214
1535821430,39.0371,-1.84234,494280
1535821421,39.0352,-1.84374,494526
1535821415,39.0313,-1.84653,495028
1535821392,39.0298,-1.84749,495207
1535707175,39.0286,-1.84821,495363
1535707166,39.0271,-1.84843,495530
1535707146,39.0265,-1.84873,495600
1535707230,39.0266,-1.84892,495637
1535707221,39.0267,-1.8493,495673
1535707202,39.0267,-1.84965,495704
1535707328,39.0271,-1.85034,495779
1535707398,39.0273,-1.85047,495804
1535182119,39.0274,-1.8508,495835
1535182105,39.0271,-1.85101,495875
1535182120,39.0268,-1.85077,495913
1535182124,39.0262,-1.85092,495991
1535182128,39.0245,-1.85168,496189
1535697426,39.0163,-1.8571,497210
1535697439,39.0152,-1.85792,497356
343697221,39.0143,-1.85861,497466
343697225,39.0135,-1.85952,497588
343835817,39.0128,-1.86057,497710
343835821,39.0119,-1.86268,497918
343835923,39.0116,-1.86439,498069
343835949,39.0118,-1.86817,498396
343835964,39.012,-1.87147,498682
343836003,39.0116,-1.87497,498987
343836029,39.011,-1.87772,499236
342378768,39.0079,-1.88654,500073
342381734,39.004,-1.89749,501114
342381742,39.0018,-1.9037,501704
342381751,38.9998,-1.9093,502237
342400162,38.998,-1.91387,502680
342400172,38.9966,-1.91577,502904
342400181,38.9952,-1.91701,503098
342400191,38.9941,-1.91762,503230
342400200,38.9926,-1.91809,503396
342400210,38.9896,-1.91832,503735
342423943,38.9859,-1.91815,504142
342423952,38.9838,-1.9179,504375
342427077,38.9824,-1.91793,504540
342427089,38.9812,-1.91814,504672
342427100,38.98,-1.91849,504803
342434255,38.9789,-1.919,504934
342434269,38.9779,-1.91964,505064
342434282,38.9769,-1.9204,505192
342450788,38.9746,-1.92252,505507
342450801,38.9712,-1.92565,505973
342459569,38.9677,-1.9288,506441
345009319,38.9668,-1.92994,506586
345009325,38.9652,-1.93318,506917
344907339,38.9634,-1.93746,507341
1536763880,38.9482,-1.97552,511037
1516378365,38.9397,-1.99694,513118
350654763,38.915,-2.05906,519154
350654785,38.8874,-2.1283,525886
350654816,38.8824,-2.13872,526946
351122164,38.8812,-2.14369,527397
351122167,38.8787,-2.14825,527875
624803761,38.8784,-2.14914,527963
1536763877,38.8783,-2.15292,528293
1536763798,38.878,-2.1539,528409
1536763949,38.8791,-2.1569,528707
1536763888,38.8807,-2.1614,529139
1536763859,38.8815,-2.16464,529439
1400956901,38.8818,-2.17103,529997
287928802,38.8808,-2.18565,531307
287928427,38.8781,-2.19337,532058
287928424,38.875,-2.19909,532690
1400956826,38.8644,-2.20347,533981
351135814,38.8628,-2.20569,534313
351135818,38.8615,-2.20559,534455
351135837,38.8604,-2.20625,534596
351135855,38.86,-2.2075,534713
351135863,38.8608,-2.20994,534942
351135871,38.8606,-2.21205,535129
351342103,38.8581,-2.21611,535582
351342137,38.8571,-2.21748,535746
351342170,38.8565,-2.22086,536049
351346314,38.8549,-2.22517,536466
351355413,38.8494,-2.2277,537120
492061469,38.8487,-2.22836,537219
351355454,38.8475,-2.2293,537368
351355483,38.844,-2.23027,537770
351373099,38.8431,-2.2307,537886
351373122,38.8423,-2.23169,538006
351373143,38.8404,-2.23548,538398
351373177,38.8347,-2.24166,539229
351373198,38.8309,-2.24596,539797
351373222,38.831,-2.24698,539889
351373246,38.8317,-2.24834,540031
351373267,38.8316,-2.25042,540213
351373293,38.8308,-2.25223,540399
351373312,38.8289,-2.25335,540625
351373332,38.8277,-2.25512,540832
351373355,38.8275,-2.25628,540937
351373371,38.8268,-2.25911,541196
352637439,38.8263,-2.26057,541335
352637455,38.8264,-2.26241,541495
352637476,38.826,-2.26408,541646
352637484,38.8266,-2.26552,541790
352637494,38.8271,-2.26706,541937
352684212,38.828,-2.2684,542086
352684219,38.8276,-2.27219,542419
352684223,38.8271,-2.27294,542513
352684227,38.8265,-2.27296,542582
352684231,38.8254,-2.27203,542729
352684236,38.8242,-2.27178,542865
352684240,38.8231,-2.27244,542997
352684244,38.8222,-2.27442,543197
352684248,38.8226,-2.27571,543318
352684253,38.8242,-2.27731,543543
352684261,38.8243,-2.28003,543783
352684873,38.8239,-2.28101,543882
352684877,38.823,-2.2814,543989
352684881,38.8212,-2.28023,544216
352684885,38.8203,-2.27986,544322
352684889,38.8186,-2.2801,544510
352684893,38.8179,-2.28064,544608
352684897,38.8174,-2.28187,544731
352684901,38.8173,-2.28479,544984
352684905,38.8176,-2.28729,545209
352684909,38.8164,-2.28826,545367
352684913,38.814,-2.28829,545642
352684917,38.8135,-2.28898,545726
352684921,38.8139,-2.28993,545824
352686891,38.8152,-2.29162,546034
352686895,38.8152,-2.29337,546187
352686899,38.8145,-2.29484,546335
352686903,38.8137,-2.29514,546432
352686907,38.8124,-2.29463,546588
352725162,38.8119,-2.29517,546665
352725167,38.8118,-2.29784,546897
352725172,38.8114,-2.29887,546997
352725178,38.8102,-2.30033,547185
352725182,38.8099,-2.30136,547280
352725187,38.8101,-2.30309,547432
352725192,38.8107,-2.30372,547518
352725197,38.8119,-2.3043,547663
352725202,38.8122,-2.30532,547761
352726062,38.8118,-2.30663,547881
352726070,38.8108,-2.30735,548015
352726085,38.8103,-2.308,548100
352726090,38.8103,-2.30898,548189
352726096,38.8113,-2.31116,548410
352726101,38.8103,-2.31955,549145
352726106,38.8105,-2.32063,549243
352726110,38.8123,-2.32235,549495
352726464,38.8127,-2.32309,549573
352726795,38.8127,-2.32512,549750
352726806,38.8105,-2.32762,550079
352726814,38.8096,-2.32803,550180
352726824,38.8087,-2.32774,550291
353449125,38.807,-2.3268,550497
353449135,38.8064,-2.32732,550584
353449145,38.806,-2.32862,550704
353449161,38.8046,-2.33122,550995
353449171,38.8035,-2.33141,551117
353449181,38.8025,-2.33111,551234
353449192,38.8017,-2.33174,551343
353449212,38.8009,-2.33321,551502
353449250,38.8012,-2.33567,551718
353449288,38.7998,-2.34288,552364
353449325,38.7999,-2.34585,552624
353449361,38.8012,-2.3497,552986
353449395,38.8017,-2.35217,553209
353449426,38.8012,-2.35503,553464
353449458,38.8007,-2.35692,553640
353449495,38.8002,-2.36065,553969
353449532,38.7977,-2.36791,554662
321632038,38.7946,-2.37367,555299
321632034,38.792,-2.3752,555630
321632415,38.7897,-2.37815,556000
321632410,38.7872,-2.37862,556289
321632790,38.7873,-2.38463,556821
321632895,38.7843,-2.38763,557263
321632846,38.7764,-2.39463,558346
321632931,38.774,-2.41853,560442
321632549,38.7735,-2.42113,560691
321632749,38.7736,-2.42708,561220
321632722,38.7763,-2.43181,561738
321632811,38.7759,-2.43663,562165
321632571,38.7772,-2.4392,562439
321632561,38.7759,-2.44531,563005
321632556,38.7737,-2.45039,563540
528044996,38.7692,-2.4716,565610
528044992,38.7707,-2.51211,569151
528044988,38.7679,-2.5461,572146
528044985,38.7711,-2.56673,573991
569092489,38.7678,-2.57288,574649
569092488,38.7677,-2.57773,575072
528044981,38.7547,-2.59571,577215
528044974,38.7227,-2.63794,582332
528044970,38.6963,-2.68755,587552
1050180374,38.6945,-2.69111,588000
1050180106,38.6922,-2.69378,588349
1050180378,38.6923,-2.69542,588523
1050180137,38.692,-2.69772,588779
1050180346,38.6906,-2.69996,589036
1050180162,38.6866,-2.70521,589679
1050180324,38.6813,-2.70894,590364
1050180180,38.6725,-2.71445,591456
1050180359,38.6687,-2.71958,592071
1050180089,38.6666,-2.72187,592387
1050180234,38.6648,-2.72367,592650
1050180118,38.6634,-2.72559,592877
1050180278,38.6612,-2.72712,593153
1050180120,38.659,-2.7291,593456
1050180282,38.6577,-2.73087,593667
1050180149,38.6549,-2.73403,594084
1050180326,38.6533,-2.73679,594389
1050180404,38.6508,-2.73978,594780
1050180202,38.6481,-2.74291,595192
1050180090,38.6453,-2.74775,595716
1050180237,38.6431,-2.75059,596075
1050180347,38.641,-2.75227,596350
1050180133,38.6359,-2.75659,597035
1050180373,38.6335,-2.76142,597534
1050180165,38.6303,-2.76727,598164
1050180265,38.6298,-2.77102,598495
1050180421,38.629,-2.77514,598869
1050180299,38.6285,-2.7781,599132
1050180104,38.6273,-2.78287,599570
1050180181,38.6258,-2.78591,599883
1050180362,38.6244,-2.79047,600310
1050180222,38.6217,-2.79541,600831
1050180392,38.6207,-2.80108,601339
1050180121,38.6203,-2.80555,601732
1050180286,38.6193,-2.80667,601945
1050180152,38.6176,-2.80676,602180
1050180337,38.6159,-2.80828,602437
247677374,38.616,-2.81028,602625
247677369,38.6152,-2.81587,603120
247677386,38.6129,-2.82593,604042
247677380,38.6126,-2.83104,604511
247677446,38.6085,-2.83863,605315
247679299,38.6085,-2.84273,605733
247679303,38.6086,-2.84295,605757
247677450,38.6068,-2.84591,606082
247677424,38.602,-2.85165,606829
247677418,38.5887,-2.86088,608513
247677435,38.5843,-2.86788,609290
247677429,38.5829,-2.87403,609852
247677493,38.5785,-2.88376,610839
247677498,38.5766,-2.89372,611734
247677482,38.5762,-2.90446,612672
247677487,38.5734,-2.91568,613696
489789480,38.563,-2.94021,616129
489789475,38.5602,-2.95841,617878
775966769,38.5461,-2.99425,621498
775967720,38.5482,-2.99673,621818
775966493,38.5478,-2.99866,621990
567355844,38.5502,-3.00772,622855
567355848,38.5642,-3.03519,625735
567355817,38.5704,-3.04057,626574
775967972,38.5812,-3.05542,628333
1005366077,38.5804,-3.06171,628952
1005367924,38.5759,-3.06947,629831
1005367638,38.5725,-3.07757,630704
1005367902,38.5683,-3.08457,631493
1005367237,38.5671,-3.09067,632052
1005366142,38.5667,-3.10342,633180
1005368083,38.5628,-3.11963,634679
1005365775,38.5576,-3.13652,636267
1005367389,38.5564,-3.15668,638057
1005367602,38.5505,-3.16694,639245
1005366894,38.5492,-3.17828,640263
1005374785,38.5499,-3.19282,641532
1005377739,38.5479,-3.20445,642644
1005374479,38.547,-3.21123,643276
1005377279,38.5463,-3.21688,643783
1005374772,38.5455,-3.22567,644564
1005377734,38.5434,-3.23719,645622
1005376641,38.5403,-3.24549,646438
489787840,38.5382,-3.25881,647628
1005377199,38.5388,-3.26823,648449
1005374441,38.539,-3.27309,648892
1005377595,38.5403,-3.27861,649420
601133730,38.541,-3.28413,649924
601133720,38.5397,-3.29077,650521
601133721,38.5399,-3.29558,650946
601133724,38.5405,-3.29865,651223
601133716,38.5396,-3.30983,652205
601133711,38.5394,-3.31548,652698
601133705,38.5389,-3.31976,653077
601133707,38.5367,-3.3283,653862
489789103,38.5321,-3.34553,655470
601133703,38.5323,-3.36068,656801
601133699,38.5341,-3.36985,657625
600524645,38.5347,-3.38166,658659
600524641,38.5335,-3.38806,659235
600524636,38.5297,-3.40138,660483
489788433,38.5212,-3.41994,662374
489788431,38.519,-3.45073,665071
600524626,38.5168,-3.45932,665857
601133673,38.5153,-3.47316,667078
489788576,38.5163,-3.48609,668210
1112027069,38.5153,-3.49116,668664
600524609,38.5152,-3.49436,668947
279899347,38.5118,-3.49706,669385
279209120,38.5076,-3.49862,669881
279899357,38.5065,-3.49871,670011
1052129604,38.5012,-3.50173,670652
21756705,38.4953,-3.50378,671355
21756707,38.486,-3.50086,672422
21756711,38.4828,-3.50182,672796
21756715,38.4777,-3.50438,673407
279911189,38.4675,-3.50226,674564
21756719,38.4632,-3.50212,675044
279911195,38.4461,-3.49715,677020
21756727,38.4415,-3.49633,677540
279911213,38.4363,-3.4967,678122
21756731,38.4266,-3.49869,679217
21756735,38.4222,-3.4995,679722
21756738,38.4194,-3.50087,680064
1147360316,38.4163,-3.49949,680432
1147360186,38.4152,-3.49914,680552
1147360145,38.4143,-3.49887,680662
21756744,38.4127,-3.49839,680843
1496191473,38.4076,-3.49988,681432
26387724,38.4046,-3.49928,681766
1147348912,38.4023,-3.49946,682027
1147348889,38.4001,-3.49921,682276
1147348851,38.3829,-3.50677,684297
1446575411,38.3792,-3.50809,684727
1496186078,38.373,-3.51336,685562
1446575405,38.3718,-3.51625,685849
1496185982,38.3699,-3.51982,686229
1496185978,38.366,-3.52347,686770
1496185955,38.3607,-3.52525,687375
1496186090,38.3576,-3.52719,687761
1496186021,38.355,-3.52899,688097
1496186036,38.3526,-3.5293,688367
1496186000,38.3507,-3.53047,688598
1496186077,38.3468,-3.53508,689195
1496186032,38.3452,-3.53931,689605
1496186057,38.3433,-3.54364,690042
21756925,38.3408,-3.5454,690362
1183686355,38.3377,-3.54472,690718
21756898,38.3322,-3.5427,691359
21756899,38.3297,-3.54519,691732
21756920,38.3221,-3.55632,693016
279911256,38.3169,-3.56471,693969
24910360,38.3122,-3.57335,694887
279911260,38.3037,-3.5787,695980
1183685459,38.3,-3.58106,696454
279911265,38.2953,-3.58794,697248
24910369,38.2928,-3.58982,697582
279911266,38.2867,-3.5893,698264
1372450400,38.2833,-3.59059,698665
24910377,38.2821,-3.59276,698897
1372450383,38.2807,-3.59726,699322
1372450372,38.2778,-3.60231,699865
1372450369,38.2747,-3.6062,700359
24910384,38.27,-3.6081,700901
24910386,38.2684,-3.60944,701117
24910493,38.2673,-3.61145,701335
24910495,38.2636,-3.62193,702339
24910499,38.2597,-3.62429,702833
279911278,38.2533,-3.62635,703569
1372450297,38.2507,-3.62665,703865
24910505,38.2483,-3.62779,704146
24910508,38.245,-3.62914,704539
24910749,38.2392,-3.63011,705191
1372311072,38.2359,-3.62987,705557
1372311047,38.2346,-3.63008,705709
1372311020,38.2326,-3.6305,705928
1372310998,38.2312,-3.63116,706101
1372310930,38.2297,-3.63153,706270
1372310869,38.2282,-3.63129,706445
1372310842,38.227,-3.63148,706587
1372310827,38.2261,-3.63244,706716
1372310791,38.2257,-3.63278,706774
1372310788,38.2256,-3.63322,706832
1372310755,38.2244,-3.63601,707112
24910760,38.2221,-3.63996,707548
24910766,38.2152,-3.64656,708512
24910773,38.2114,-3.65041,709046
24910781,38.2082,-3.65552,709635
24910786,38.2048,-3.66412,710484
24910796,38.1992,-3.66756,711179
24910806,38.1954,-3.67252,711790
24910809,38.1895,-3.67842,712629
24910816,38.1886,-3.68204,712965
1111896865,38.1888,-3.68708,713406
24910820,38.1883,-3.68971,713645
24910822,38.187,-3.69193,713890
24910824,38.1856,-3.69305,714073
24910827,38.1838,-3.69375,714281
24910829,38.1813,-3.69448,714569
24910839,38.1791,-3.69644,714871
24910844,38.1761,-3.70085,715374
24910847,38.1747,-3.70399,715693
24910852,38.1727,-3.70619,715985
24910857,38.1667,-3.70889,716697
24910859,38.1533,-3.71887,718431
279914255,38.1459,-3.7238,719360
772945544,38.1435,-3.72652,719726
772945906,38.1424,-3.73013,720065
24910867,38.1383,-3.7417,721180
24910871,38.1349,-3.7464,721741
24910873,38.1242,-3.7573,723281
24910875,38.1205,-3.76125,723819
24910878,38.113,-3.77282,725128
24910881,38.1094,-3.78397,726212
24910890,38.1074,-3.78863,726681
24910905,38.1028,-3.79169,727261
24910911,38.0994,-3.79487,727737
1028810726,38.0954,-3.80532,728756
24910918,38.092,-3.81434,729632
24910923,38.0867,-3.8282,730984
24910927,38.0853,-3.83555,731652
24910938,38.0838,-3.84191,732239
24910944,38.0764,-3.84889,733275
24910949,38.0733,-3.85522,733937
24910953,38.0713,-3.86066,734474
24910960,38.0679,-3.87756,736013
24910964,38.0673,-3.88247,736451
24910969,38.0637,-3.88796,737083
24910976,38.0585,-3.89319,737817
24910981,38.0527,-3.89818,738608
24910983,38.0516,-3.90028,738830
1224136423,38.0499,-3.90531,739307
1224136212,38.0486,-3.90967,739716
24910986,38.047,-3.92199,740811
24910991,38.0452,-3.92922,741481
24910995,38.0463,-3.93471,741985
24911002,38.045,-3.96679,744799
24911015,38.0438,-3.98832,746690
24911023,38.0419,-3.99596,747394
24911034,38.0417,-4.00288,748006
24911040,38.0392,-4.01894,749446
1182360539,38.0395,-4.02797,750239
24911044,38.039,-4.0318,750581
24911050,38.0322,-4.044,751893
24911054,38.0306,-4.04853,752332
1117178558,38.0306,-4.05414,752826
1117178446,38.0308,-4.05914,753267
1117178549,38.0308,-4.06302,753606
24911063,38.0309,-4.06659,753925
24911211,38.0297,-4.07297,754511
24911214,38.0375,-4.11508,758301
24911218,38.0372,-4.12104,758830
24911222,38.0351,-4.12665,759374
24911225,38.0354,-4.1343,760047
24911229,38.0375,-4.14108,760689
24911234,38.0364,-4.1562,762023
24911238,38.0346,-4.15941,762378
972758986,38.0247,-4.16688,763649
24911241,38.0213,-4.16934,764092
24911245,38.0155,-4.17167,764772
24911249,38.0115,-4.17633,765392
24911255,38.0052,-4.202,767764
24911259,38.0078,-4.21751,769158
24911263,38.006,-4.23113,770374
972741291,37.9947,-4.25228,772619
972741296,37.9912,-4.25688,773184
972741378,37.9902,-4.25885,773391
972741215,37.9895,-4.26191,773670
972741306,37.9887,-4.26537,773987
972698854,37.9868,-4.27628,774965
972698898,37.9871,-4.27947,775247
972699474,37.9875,-4.28119,775413
972699292,37.9863,-4.28118,775565
972699324,37.986,-4.28124,775601
972699370,37.983,-4.28775,776264
972728889,37.9826,-4.29193,776637
972728805,37.9818,-4.29829,777267
972728992,37.9814,-4.29914,777353
899533615,37.9815,-4.30004,777441
899533624,37.9822,-4.30613,777990
899533630,37.9825,-4.31705,778968
899533645,37.9814,-4.32465,779648
899533661,37.9803,-4.33218,780321
899533690,37.9779,-4.34077,781137
899533709,37.9743,-4.34883,781960
899533722,37.9707,-4.35958,783000
899533738,37.9681,-4.36773,783790
899533236,37.9676,-4.36948,783957
899533247,37.9691,-4.37115,784190
899533280,37.9703,-4.37319,784418
899534915,37.9696,-4.37213,784563
899534929,37.9675,-4.37177,784825
899534943,37.9663,-4.37364,785053
899534976,37.9621,-4.37874,785702
899535000,37.9601,-4.38607,786385
899535017,37.9588,-4.39333,787052
899535038,37.9574,-4.40199,787835
899535052,37.9588,-4.40745,788371
899535068,37.9588,-4.41597,789123
899535083,37.9609,-4.42085,789618
899535094,37.9612,-4.42667,790133
899535122,37.9621,-4.43201,790618
899535126,37.9624,-4.4379,791144
899535144,37.9658,-4.44783,792101
899535161,37.9659,-4.45126,792409
972656571,37.9667,-4.45445,792757
972656586,37.9676,-4.45589,792919
524254768,37.9662,-4.45727,793118
952396807,37.9652,-4.45953,793394
952396986,37.9661,-4.46156,793600
952397119,37.9663,-4.46267,793703
952396882,37.9647,-4.46279,793918
26386872,37.9564,-4.46481,794874
26386953,37.9515,-4.46859,795511
26386940,37.9489,-4.4748,796135
1013818368,37.9506,-4.4955,797968
1013818428,37.9528,-4.51598,799782
26386957,37.9517,-4.53592,801534
972520590,37.9477,-4.54367,802353
972520713,37.9445,-4.55027,803032
26386948,37.9413,-4.56023,803980
26386951,37.9374,-4.56692,804727
26386915,37.9355,-4.57626,805591
26386931,37.9258,-4.58195,806790
952429170,37.9143,-4.59484,808535
952429288,37.9113,-4.5994,809057
26386809,37.9076,-4.60544,809728
26386897,37.9044,-4.61321,810501
26386963,37.9055,-4.63109,812077
26386965,37.9041,-4.65115,813861
26386878,37.8947,-4.6758,816265
1114131955,37.8912,-4.69688,818157
26386903,37.888,-4.71244,819578
26386857,37.89,-4.72025,820305
26386870,37.8947,-4.73231,821506
1527386375,37.8944,-4.73545,821784
1527386349,37.8933,-4.73872,822101
364816499,37.8903,-4.74444,822704
26386873,37.891,-4.74538,822834
327207895,37.894,-4.74549,823168
364817657,37.8951,-4.74677,823393
364817655,37.8953,-4.74728,823446
1159743709,37.8954,-4.74814,823551
364819026,37.8955,-4.74939,823663
365232022,37.8956,-4.75079,823786
1123550560,37.8961,-4.7544,824107
255156531,37.8969,-4.76038,824639
635201670,37.8971,-4.76286,824859
1296081666,37.8975,-4.76546,825090
1122148519,37.8977,-4.76864,825373
1113042032,37.8962,-4.77345,825846
443929421,37.8943,-4.77777,826277
364793066,37.8929,-4.78094,826596
1166340941,37.8895,-4.7879,827356
404290645,37.8877,-4.79175,827744
1123132507,37.886,-4.79575,828143
404290596,37.8847,-4.79861,828431
404290576,37.8811,-4.80643,829226
404290551,37.8769,-4.81768,830324
404290535,37.8719,-4.83429,831882
404290508,37.8661,-4.85366,833700
404290472,37.8616,-4.869,835140
404290445,37.8578,-4.88183,836342
404290427,37.8552,-4.8895,837079
404290399,37.8518,-4.90156,838202
404290373,37.8471,-4.91701,839656
404290341,37.8433,-4.93001,840871
404290306,37.8299,-4.96482,844291
456877046,37.82,-4.99039,846817
881139508,37.8156,-5.00505,848200
881139553,37.8079,-5.01739,849581
881139505,37.8041,-5.02429,850326
881139414,37.8019,-5.03664,851461
881139429,37.8027,-5.04334,852060
404290290,37.8058,-5.0492,852686
959835970,37.8094,-5.05474,853326
404290281,37.8098,-5.05897,853706
404290274,37.8126,-5.07238,854932
881151728,37.8123,-5.07681,855331
881151595,37.8086,-5.0833,856032
881151665,37.8074,-5.08655,856349
404290221,37.8071,-5.09227,856854
404290201,37.8045,-5.10036,857619
404290186,37.8042,-5.10398,857940
404290172,37.8042,-5.10568,858090
404290159,37.8041,-5.10699,858205
404290148,37.8039,-5.11329,858760
404290138,37.8032,-5.12466,859762
881319405,37.8021,-5.1314,860369
881319515,37.7996,-5.13592,860851
404290118,37.7972,-5.14402,861619
881367955,37.7942,-5.15613,862734
404290086,37.7916,-5.16816,863830
404290075,37.7891,-5.17935,864850
881367539,37.7852,-5.18779,865712
881367965,37.7819,-5.19207,866240
404290058,37.7726,-5.20908,868073
404290038,37.7671,-5.2217,869337
404290020,37.7595,-5.22779,870354
404290002,37.7505,-5.23306,871456
404289988,37.7409,-5.23871,872634
404289973,37.7292,-5.25398,874669
404289959,37.728,-5.2681,875918
404289940,37.7251,-5.28077,877100
404289882,37.7233,-5.28692,877679
948653239,37.7207,-5.28929,878043
881411135,37.7193,-5.29079,878241
404289852,37.7179,-5.29354,878529
404289827,37.7161,-5.29718,878913
404289797,37.7123,-5.30314,879600
404289781,37.7122,-5.31493,880646
404289764,37.7092,-5.32494,881585
404289741,37.7074,-5.33421,882431
404289722,37.7075,-5.33986,882927
404289708,37.7074,-5.34206,883122
404289689,37.7074,-5.34207,883124
404289674,37.707,-5.3441,883308
404289662,37.7042,-5.35225,884090
404289650,37.7069,-5.36312,885099
404289638,37.7062,-5.37594,886250
404289626,37.701,-5.38604,887313
404289614,37.7005,-5.40001,888560
404289605,37.6975,-5.41222,889694
404289596,37.6935,-5.42417,890837
404289587,37.6893,-5.4368,892043
404289579,37.6809,-5.44979,893521
983804969,37.6752,-5.46378,894966
1418292494,37.6792,-5.47723,896233
1418292497,37.6795,-5.48083,896553
1418292443,37.6784,-5.48593,897021
404289567,37.6712,-5.50143,898604
404289556,37.6665,-5.51134,899621
404289540,37.6634,-5.51988,900455
404289528,37.6627,-5.52378,900807
404289520,37.662,-5.52697,901096
404289510,37.6614,-5.53034,901401
404289499,37.661,-5.53233,901583
1069374687,37.6603,-5.53444,901785
404289483,37.6573,-5.53954,902343
404289475,37.6506,-5.54658,903310
404289468,37.6424,-5.55712,904623
404289461,37.6373,-5.56891,905803
404289453,37.6328,-5.57939,906855
404289445,37.6246,-5.58937,908124
404289437,37.6149,-5.59908,909504
404289430,37.6072,-5.61081,910848
404289429,37.6053,-5.61405,911205
404289422,37.5982,-5.6263,912543
404289413,37.5918,-5.63727,913744
243997636,37.5863,-5.64658,914764
243997632,37.5819,-5.65787,915878
243997628,37.5809,-5.66372,916409
249560556,37.5816,-5.67046,917010
249560675,37.5809,-5.67032,917098
1254086143,37.5812,-5.67156,917238
1254086132,37.5828,-5.68227,918200
1254086136,37.5833,-5.68449,918406
1254086137,37.5844,-5.68517,918543
562825414,37.586,-5.68521,918712
562825412,37.5868,-5.68585,918827
562825407,37.5878,-5.68983,919195
562825403,37.5925,-5.70088,920300
562825397,37.5912,-5.7076,920936
562825390,37.5943,-5.71766,921899
965813569,37.5946,-5.72119,922215
1226835750,37.5944,-5.72179,922280
965813660,37.5934,-5.72539,922620
248972885,37.5932,-5.72762,922818
965813632,37.5926,-5.72795,922895
965813634,37.5924,-5.72955,923039
965813579,37.5926,-5.73123,923188
965813615,37.5914,-5.73376,923545
965813541,37.5905,-5.73554,923805
965813626,37.5907,-5.73736,923967
966970237,37.5908,-5.73952,924158
248972865,37.5907,-5.74376,924532
248972860,37.5898,-5.7535,925398
248972856,37.5899,-5.75681,925692
248972852,37.588,-5.76726,926638
248972847,37.5847,-5.77773,927633
248972843,37.5836,-5.77998,927868
248971510,37.5831,-5.78813,928588
248971506,37.5814,-5.79486,929212
248971502,37.5789,-5.80129,929848
1228944408,37.5771,-5.8052,930249
1228944406,37.577,-5.80542,930276
248971083,37.5745,-5.81002,930773
248971078,37.5732,-5.81214,931013
248971093,37.5704,-5.81442,931385
248971089,37.5664,-5.81914,931994
248971085,37.5648,-5.82353,932421
248969873,37.5626,-5.82957,933009
248969869,37.5596,-5.83277,933444
248969864,37.5545,-5.84016,934316
248969860,37.5494,-5.85006,935363
248969856,37.5461,-5.85351,935839
248969851,37.5437,-5.8547,936130
248969847,37.5419,-5.8557,936348
1250416973,37.5399,-5.85736,936616
1250416956,37.5396,-5.8578,936669
1250417015,37.5393,-5.85782,936708
248969266,37.5284,-5.86821,938228
1250379069,37.5272,-5.8694,938397
248969262,37.5246,-5.87299,938833
248969258,37.517,-5.8836,940094
248969254,37.5117,-5.88795,940795
248969250,37.5084,-5.8924,941334
248969246,37.502,-5.89648,942131
248969158,37.4976,-5.89998,942713
248969156,37.4926,-5.90324,943342
248969153,37.4884,-5.90753,943944
248969150,37.4857,-5.91032,944337
308645308,37.4833,-5.9137,944732
248968594,37.4802,-5.92179,945530
248968571,37.4774,-5.92372,945884
248968563,37.4741,-5.92954,946526
1064883768,37.4721,-5.93481,947043
248968492,37.4716,-5.93541,947121
248732687,37.4671,-5.93955,947744
248732691,37.4612,-5.9442,948516
248732695,37.4601,-5.94573,948704
248732699,37.4573,-5.9482,949086
248732702,37.4548,-5.95096,949456
248732705,37.4536,-5.95318,949692
248732709,37.4516,-5.95455,949948
248733162,37.446,-5.95726,950611
248733166,37.4438,-5.95923,950912
248733198,37.4426,-5.96063,951098
248733739,37.4411,-5.96217,951309
248733742,37.4379,-5.9646,951724
315254628,37.435,-5.96603,952075
315254719,37.4343,-5.96619,952158
248799020,37.4341,-5.96646,952191
424266996,37.4332,-5.96684,952297
715654823,37.4295,-5.9694,952763
715654844,37.4293,-5.96937,952799
715725848,37.4291,-5.9693,952836
715725844,37.4271,-5.9697,953104
493681618,37.4238,-5.97045,953540
493680502,37.4198,-5.97252,954022
1349603062,37.4165,-5.97406,954429
1349602980,37.4163,-5.97377,954464
808006625,37.4159,-5.97356,954524
808006524,37.4154,-5.97384,954584
916992279,37.415,-5.97395,954647
916992276,37.4153,-5.97477,954731
1277624995,37.4149,-5.97509,954799
811311128,37.4141,-5.97555,954902
422857159,37.4122,-5.97654,955129
422857162,37.4107,-5.97744,955321
811677633,37.4099,-5.97777,955406
819727179,37.4082,-5.97839,955607
819727288,37.4074,-5.97867,955704
819727041,37.4068,-5.97922,955797
307802088,37.4051,-5.98018,956005
1279814932,37.4037,-5.98087,956174
307800694,37.4032,-5.98108,956225
819727016,37.4022,-5.98161,956351
1288232912,37.3995,-5.98297,956682
234638185,37.3988,-5.98386,956823
234635770,37.3975,-5.98392,956999
234635798,37.3961,-5.98493,957174
234635836,37.3952,-5.98594,957309
307740439,37.3949,-5.9865,957370
206396100,37.3948,-5.98759,957469
206396060,37.3948,-5.98847,957547
206396056,37.3935,-5.98955,957729
195968314,37.3925,-5.99039,957901
192040949,37.3922,-5.99097,957975
192036313,37.3917,-5.99103,958040
192042750,37.3912,-5.99131,958122
196079277,37.3909,-5.99188,958203
196078867,37.3904,-5.99216,958273
192049103,37.3898,-5.99231,958337
195986626,37.3889,-5.9926,958445
813726741,37.3881,-5.99276,958538
197992437,37.3872,-5.99245,958645
195977234,37.3863,-5.99242,958744
195977239,37.3861,-5.99174,958815
